4096
47
94
84
34
1
32
5
16
69
62
60
25
59
99
52
33
44
83
49
58
65
28
8
13
72
33
17
11
75
19
88
60
13
56
53
28
84
2
59
56
2
36
63
50
72
61
92
0
48
82
45
43
80
22
33
61
97
9
77
27
29
98
67
0
92
73
14
69
51
10
56
32
16
40
1
35
17
83
59
64
65
90
6
91
54
66
83
84
59
25
58
68
89
54
49
4
89
4
2
12
84
17
2
44
24
39
38
64
61
100
77
0
15
97
84
3
47
87
69
86
96
21
75
66
44
29
5
46
47
93
7
37
27
79
57
17
80
86
30
57
80
71
57
25
80
52
39
39
19
0
71
82
1
70
52
51
85
17
81
78
14
34
0
35
57
93
88
38
18
74
25
69
34
19
99
79
70
45
51
53
30
19
4
12
57
90
32
71
67
18
0
35
86
41
62
92
55
56
84
43
54
96
6
60
13
18
20
54
1
91
88
28
45
36
37
98
42
83
9
29
24
5
19
15
24
4
53
49
55
14
87
93
90
45
33
25
44
80
58
75
61
54
86
77
57
74
41
100
100
36
87
57
49
61
63
88
36
79
5
36
92
1
44
20
19
79
56
55
36
12
81
46
23
34
61
33
29
81
23
68
88
31
17
90
82
4
64
2
18
48
57
12
9
2
15
97
24
59
14
13
76
55
57
57
33
26
35
4
13
81
87
52
91
18
44
92
74
65
72
87
54
48
95
86
75
77
34
79
87
94
66
86
4
73
100
50
100
97
11
47
97
56
64
84
44
68
93
98
95
25
84
54
17
65
36
72
29
70
60
65
79
54
64
75
39
15
100
22
89
25
46
100
58
38
34
80
55
79
63
21
100
81
7
88
42
20
53
93
78
3
8
88
50
16
81
56
29
100
13
76
67
34
29
20
11
9
59
5
31
4
14
98
30
16
41
17
4
33
4
62
60
6
7
51
85
24
71
55
51
6
5
6
22
90
6
4
48
43
97
3
61
83
3
26
93
42
90
45
92
36
87
64
22
90
44
56
9
83
0
99
48
37
95
99
38
38
73
74
15
37
27
95
90
83
36
36
14
70
40
31
47
40
72
64
65
98
55
56
86
95
59
5
0
71
0
35
98
59
12
52
53
52
25
12
56
61
74
1
56
4
80
43
22
12
91
40
62
92
5
43
7
35
8
58
49
100
53
12
0
24
65
70
84
31
64
16
83
63
41
62
96
82
54
80
93
76
72
14
93
35
79
67
96
47
60
86
85
59
21
51
79
2
77
74
94
43
39
15
56
40
10
50
32
5
43
41
9
41
87
99
29
29
75
86
53
1
12
27
35
52
47
41
10
56
16
14
79
39
13
17
65
62
50
24
47
71
11
17
53
82
35
30
59
84
30
78
1
28
56
38
15
92
76
62
54
88
77
90
12
41
3
30
94
91
48
33
39
20
49
38
34
8
72
84
100
53
71
99
89
87
55
97
47
84
84
59
34
12
67
50
60
39
97
54
27
45
98
56
3
63
63
69
56
80
36
59
98
72
21
20
72
79
17
38
87
42
18
30
19
3
40
100
69
79
66
8
77
79
23
29
87
82
41
41
7
85
89
80
99
13
6
9
10
41
87
70
53
95
88
75
91
75
75
92
12
26
70
46
49
34
95
73
16
45
48
95
43
22
35
81
37
33
30
25
26
23
8
18
44
57
0
31
18
85
13
44
94
20
91
98
47
74
41
43
48
61
3
37
100
83
65
34
25
28
36
22
77
20
13
62
21
25
26
19
22
56
47
61
74
75
88
25
32
9
91
95
65
19
54
28
50
73
57
43
5
87
41
31
70
95
12
37
95
50
12
37
85
33
16
59
55
55
26
69
0
2
59
62
45
63
7
82
96
57
90
0
54
15
24
43
30
48
9
66
36
79
86
42
93
84
71
20
60
51
0
30
21
60
67
9
95
78
34
62
56
88
63
99
96
56
47
88
24
57
70
95
9
56
99
94
34
31
66
37
59
82
86
27
35
36
21
10
37
46
45
74
57
33
62
53
38
63
63
73
43
9
78
84
56
39
29
94
75
85
51
42
45
48
0
29
33
91
75
15
98
40
46
68
25
67
50
21
54
33
87
12
73
17
47
59
78
96
80
55
7
56
3
3
29
83
29
78
33
97
31
68
39
8
83
41
16
93
18
65
13
88
58
25
34
36
82
54
70
17
7
44
71
98
34
47
40
5
11
26
82
42
97
99
70
61
41
68
11
40
0
50
0
8
94
38
32
8
53
69
45
45
58
71
25
45
55
57
74
68
68
35
84
3
10
42
14
28
13
100
73
40
60
95
40
81
72
2
58
35
60
30
98
42
100
45
17
83
28
66
2
52
82
72
10
46
8
63
4
75
88
89
9
48
30
93
80
30
55
63
4
28
32
73
95
49
88
67
77
18
56
74
84
89
13
67
57
41
77
60
95
28
73
10
7
67
94
37
53
70
0
45
96
78
18
15
60
26
61
22
50
42
24
59
56
91
17
62
8
68
59
3
27
54
75
60
33
78
29
13
33
98
31
39
57
0
34
36
79
96
14
39
89
48
12
41
75
31
79
64
15
98
62
83
4
31
64
11
28
58
69
98
30
25
67
0
13
22
16
72
88
70
37
55
55
57
59
29
17
50
82
74
65
93
41
86
86
38
7
63
50
16
81
33
81
34
59
13
35
0
20
0
32
0
32
99
48
49
23
49
16
94
42
67
14
29
4
61
92
75
47
2
36
64
33
40
34
9
96
94
15
68
61
42
71
79
61
69
87
26
83
48
31
17
10
62
13
80
93
43
76
61
33
24
50
78
22
62
17
60
7
43
51
5
86
31
39
5
55
79
96
3
93
27
77
50
63
1
14
48
18
67
46
98
49
71
2
5
19
64
61
90
100
46
71
96
92
60
16
52
40
93
52
97
98
29
85
37
11
92
53
95
3
99
52
57
52
100
45
52
15
38
74
18
15
44
18
75
84
13
94
21
64
14
75
95
26
84
43
9
35
88
44
13
11
33
64
4
5
81
79
97
52
16
47
2
88
14
34
6
81
17
3
65
56
14
78
82
61
56
70
1
16
19
21
12
41
47
53
56
26
58
11
63
64
22
90
72
36
3
57
51
37
12
57
24
10
97
10
73
86
81
89
34
96
40
54
62
72
96
59
10
67
78
65
53
3
27
96
33
59
71
93
64
23
67
97
39
62
60
8
25
100
67
39
24
40
18
48
35
100
63
22
46
46
37
72
2
57
4
16
67
32
8
99
0
73
99
51
0
42
12
68
87
96
10
49
32
2
25
47
97
78
81
92
90
100
2
23
40
64
90
77
5
44
8
89
45
49
78
63
12
63
86
9
22
32
30
22
50
4
40
27
52
57
94
61
79
73
25
94
12
31
40
12
58
75
61
48
69
38
82
84
87
28
80
92
78
77
36
84
43
31
45
22
21
72
78
32
65
30
35
46
25
45
12
21
46
38
21
87
36
94
88
87
20
70
78
49
46
23
45
25
19
54
46
14
77
95
99
41
9
31
76
35
7
30
0
96
7
64
68
100
100
51
8
10
85
86
84
92
55
86
71
3
21
75
19
11
22
88
13
18
40
28
17
7
6
44
69
0
8
16
15
60
10
39
0
49
20
95
92
95
25
74
24
8
1
41
92
88
86
11
29
54
46
46
8
52
83
23
35
19
1
42
45
39
67
4
87
49
1
56
40
33
53
21
19
43
76
32
71
78
87
41
41
23
2
88
98
49
88
53
32
95
70
11
1
25
18
21
90
66
45
22
38
68
64
5
75
92
81
87
82
92
100
99
94
8
75
26
59
25
83
65
20
77
85
38
62
35
27
63
63
86
12
90
19
3
43
19
18
73
24
54
29
64
24
56
41
86
89
89
27
40
29
93
85
79
12
0
88
31
58
57
61
5
90
4
46
98
85
19
81
45
27
6
46
4
71
65
6
88
51
1
26
42
42
29
16
29
74
15
1
2
98
90
43
2
75
72
12
46
39
37
42
4
100
55
50
99
33
95
73
2
19
76
36
54
97
7
63
1
59
93
14
99
70
39
4
38
86
10
76
54
10
77
94
40
46
88
65
6
89
58
32
36
78
44
58
8
30
59
45
64
16
7
97
39
41
53
88
30
19
3
66
1
20
21
45
71
4
0
35
94
82
58
23
29
78
58
29
18
58
93
47
80
63
8
91
67
54
77
57
84
79
2
59
80
66
55
26
15
8
67
22
59
46
50
14
16
30
6
86
32
12
62
17
53
21
59
59
50
32
2
51
25
3
45
74
44
22
38
26
17
5
98
76
44
8
43
20
49
57
45
81
91
65
39
30
85
3
11
17
43
38
3
50
50
23
7
1
53
7
62
56
50
26
78
90
89
12
31
32
49
71
3
66
96
93
7
67
25
29
80
89
22
61
95
69
58
18
91
62
88
62
29
74
58
70
94
6
3
92
39
77
15
39
54
15
93
76
46
57
92
25
88
64
69
10
58
53
58
6
92
51
61
73
13
44
23
12
84
78
44
100
94
38
8
74
74
50
23
74
27
86
65
94
60
64
7
3
89
48
38
81
37
38
41
31
84
73
89
68
30
6
62
55
62
92
69
76
12
75
23
36
27
91
29
89
44
11
40
54
94
48
70
66
43
53
83
86
62
5
100
84
65
36
88
78
62
33
78
53
6
29
50
74
9
80
38
55
5
45
6
38
60
43
65
9
96
67
13
36
81
52
60
62
79
44
100
100
6
77
57
26
44
59
69
24
92
82
63
0
95
18
68
81
58
75
80
96
69
85
93
49
33
8
99
57
94
58
8
43
1
21
68
44
39
9
21
53
61
7
93
90
25
45
37
50
68
37
32
46
71
26
24
97
71
30
18
34
12
73
78
84
50
86
54
73
3
83
99
10
62
61
86
96
63
47
36
94
19
85
60
10
99
78
25
47
72
0
53
73
17
97
38
49
46
93
69
3
34
17
41
85
55
95
19
69
95
2
66
18
63
93
58
59
78
33
59
21
54
26
8
6
30
31
19
49
98
15
76
63
49
50
78
61
35
22
46
43
96
25
34
38
54
53
53
81
3
13
11
41
10
68
10
19
45
89
73
14
9
11
69
76
88
90
79
54
28
40
46
92
5
6
58
53
97
58
82
65
94
32
12
97
61
11
68
22
6
63
19
41
73
37
0
3
1
10
24
83
86
96
48
63
91
12
14
14
48
44
95
48
8
59
50
86
44
68
28
46
14
55
13
20
98
25
13
29
70
24
24
84
94
81
0
41
47
2
90
0
88
75
95
100
92
57
11
82
86
67
62
89
75
97
24
79
79
4
27
10
84
41
80
92
65
87
81
82
59
65
100
5
63
86
71
91
10
62
31
65
65
58
55
42
10
13
34
15
6
37
23
96
91
22
51
38
58
67
59
79
8
4
17
6
77
49
35
3
17
67
35
0
41
30
80
47
64
0
1
39
25
39
33
71
63
1
90
65
82
52
98
58
15
43
13
77
55
76
26
82
27
87
33
77
48
89
96
99
40
13
19
61
27
92
62
67
92
97
47
43
65
51
7
21
37
77
29
90
79
3
7
33
52
37
36
21
47
55
20
21
45
65
99
77
35
4
21
35
99
64
85
45
26
17
91
17
36
5
9
26
90
42
95
11
40
77
37
31
89
80
92
24
89
84
93
57
78
20
44
26
24
97
72
93
26
40
92
93
52
18
97
40
38
59
34
57
34
91
66
90
87
26
26
80
54
69
56
91
92
66
87
94
66
100
35
27
55
80
16
43
81
25
69
15
91
93
76
11
43
4
14
46
69
66
83
78
35
79
87
49
31
39
61
0
11
65
21
44
65
78
100
43
83
100
72
26
55
81
7
73
14
53
61
1
86
38
44
46
77
36
21
39
75
89
44
75
47
16
38
79
31
30
6
97
93
90
60
41
18
62
99
20
27
40
96
51
8
49
53
22
70
77
89
5
38
9
31
54
53
69
30
20
95
14
90
22
41
77
55
61
66
47
75
62
70
30
28
66
12
95
88
93
39
60
10
36
7
11
46
49
26
91
85
8
56
46
0
75
52
80
48
40
82
48
28
51
66
80
28
4
69
65
36
100
9
73
19
15
90
63
59
59
87
8
64
80
78
39
9
11
0
18
33
70
54
54
34
27
94
55
68
23
68
11
3
25
100
87
68
68
30
79
80
73
50
22
15
98
26
52
74
69
5
56
58
36
14
71
16
14
86
78
95
30
1
23
83
59
53
27
7
88
62
46
1
66
79
85
53
16
5
26
26
57
7
29
37
56
85
27
36
57
7
81
11
93
91
80
38
28
37
5
23
59
1
21
13
45
8
42
98
41
80
26
52
57
86
45
8
38
31
92
75
16
77
94
78
60
16
59
96
76
52
41
22
69
0
84
8
22
0
35
27
56
97
68
36
0
16
74
92
18
99
96
93
28
86
66
53
49
43
21
93
41
84
99
57
55
15
61
20
2
37
43
100
59
87
96
16
0
81
19
11
55
67
70
48
0
24
51
1
98
25
67
68
78
92
21
95
46
58
82
59
41
34
66
21
62
4
0
34
65
47
71
38
19
13
100
5
18
16
11
68
68
70
97
2
50
52
76
46
73
15
1
38
17
82
35
5
81
52
48
31
56
13
2
58
84
98
77
96
81
45
17
74
3
50
91
99
60
67
53
28
46
35
10
16
33
81
19
11
96
68
60
0
41
46
0
80
93
92
31
29
34
81
79
79
4
9
98
39
75
92
21
93
13
58
21
85
28
8
31
53
11
31
77
91
29
94
41
55
92
80
64
73
81
8
72
92
75
28
27
15
97
15
54
27
57
68
22
77
28
98
23
1
22
81
81
88
39
44
64
69
78
20
90
72
20
90
50
79
14
25
100
33
68
48
55
15
90
56
79
21
86
76
12
30
51
66
40
16
8
98
79
91
42
18
27
97
16
96
36
74
9
27
9
17
85
60
23
63
14
14
54
5
75
77
6
87
100
89
25
16
54
47
89
43
3
42
96
32
90
67
99
8
2
98
44
34
14
86
66
64
4
35
18
68
19
32
82
85
98
23
31
71
51
54
50
86
69
59
26
62
64
90
12
63
75
20
86
7
27
18
23
80
52
58
32
28
55
2
32
47
27
51
43
30
63
69
47
63
5
79
3
34
43
35
80
83
6
50
63
94
10
9
42
77
19
82
12
34
61
50
29
20
26
91
94
41
36
32
66
99
63
20
79
64
92
91
8
1
69
20
46
40
9
35
45
12
36
97
12
10
40
54
8
57
37
30
43
37
13
33
73
65
22
59
12
92
36
63
49
66
36
72
40
14
60
22
58
47
9
54
42
51
16
39
26
67
38
92
22
82
79
22
42
29
0
29
98
0
8
23
28
56
77
78
17
10
82
83
38
32
86
62
81
65
12
8
47
52
27
94
68
79
47
94
39
100
96
51
8
43
8
96
47
97
27
80
1
70
36
18
44
98
35
40
95
35
46
21
38
55
68
96
31
37
66
44
43
65
47
29
20
31
92
33
49
92
88
76
50
11
49
74
85
49
11
59
78
29
45
14
2
74
16
4
20
22
41
33
32
9
87
62
8
35
58
37
79
30
0
47
68
37
88
52
41
81
89
3
62
29
63
67
86
33
3
43
70
61
56
16
0
3
81
37
39
39
83
58
58
76
81
58
12
100
62
96
91
52
58
51
100
60
88
88
6
33
14
80
50
0
20
33
47
89
86
55
79
35
53
34
70
0
98
11
13
67
67
90
24
31
99
91
71
71
27
26
92
61
92
7
66
56
62
65
93
73
45
58
23
97
28
11
25
71
6
4
38
97
22
0
23
26
46
85
43
21
32
43
33
1
36
69
32
32
88
18
64
97
75
40
24
87
44
63
70
42
56
92
71
69
81
82
8
19
36
92
6
33
0
86
61
70
39
83
16
53
33
42
68
34
74
2
28
29
91
78
0
35
81
75
50
7
52
47
7
59
81
59
55
43
42
56
98
40
25
12
71
0
69
92
83
5
0
24
37
60
63
90
48
0
57
90
72
81
24
82
32
66
1
47
100
67
20
88
54
60
44
54
21
19
70
10
99
78
77
65
8
25
18
54
88
60
95
3
73
87
80
34
53
31
79
32
11
46
73
9
14
61
53
4
5
49
29
9
27
31
11
75
10
100
76
9
33
83
57
100
86
12
76
37
85
24
87
46
19
26
66
79
38
99
8
22
32
85
91
77
72
98
88
17
96
87
72
92
53
77
95
92
3
54
64
22
72
37
84
68
43
29
77
83
76
32
59
19
15
85
71
60
1
83
77
68
39
48
94
86
37
64
35
16
88
40
82
36
65
10
90
13
5
41
67
69
7
75
39
69
23
75
45
15
41
74
0
96
40
28
54
85
27
91
30
31
19
8
38
28
37
87
10
3
38
61
64
6
58
94
48
70
60
11
53
67
89
47
14
26
71
3
40
81
55
44
63
37
50
19
91
30
11
24
46
77
23
32
24
26
61
81
40
72
77
0
73
23
84
48
62
79
46
58
45
6
77
29
52
29
2
72
88
7
51
12
95
31
94
58
30
88
21
97
25
53
99
19
77
86
15
6
77
75
32
7
66
93
2
34
14
33
64
59
20
31
86
45
94
95
12
27
98
16
8
86
100
17
72
20
0
20
48
3
5
77
62
29
53
17
75
78
28
41
56
38
18
26
13
64
41
27
8
16
29
5
48
77
2
6
39
40
68
84
40
96
25
38
87
81
48
38
92
60
84
79
37
100
68
79
48
44
81
100
31
98
37
70
69
95
75
71
19
95
64
61
53
51
51
80
34
31
39
70
49
64
98
53
99
78
65
35
70
8
71
88
22
76
33
72
35
0
48
26
48
63
5
80
2
49
48
55
40
47
44
21
12
79
75
22
34
56
40
66
28
17
38
54
25
94
77
14
99
48
15
46
62
45
14
95
89
6
4
0
19
94
35
17
66
12
34
57
48
97
88
32
47
69
51
73
7
37
62
3
15
88
72
74
12
47
32
58
6
55
32
15
93
75
15
41
25
9
8
75
12
84
23
87
99
100
47
66
22
68
79
75
24
70
55
53
40
24
47
30
3
28
47
42
60
68
48
24
93
27
19
40
43
54
10
98
24
59
1
14
66
75
45
85
56
6
39
80
17
82
57
73
16
59
51
41
65
94
79
90
16
81
10
85
57
45
86
5
4
18
61
2
94
91
19
87
22
