2048
56
20
48
98
58
94
34
12
92
75
70
17
35
16
35
10
91
21
17
35
54
84
21
54
37
40
47
72
100
65
5
26
6
0
97
53
44
78
28
61
26
43
56
55
16
39
9
8
18
81
61
2
95
95
28
55
4
88
80
32
38
62
61
8
94
40
99
35
84
41
56
19
23
4
60
59
7
87
37
19
91
95
5
15
17
33
94
22
25
76
63
16
60
17
25
90
92
26
67
83
63
39
26
79
2
99
25
37
69
63
28
31
16
93
33
75
77
51
67
20
6
53
29
90
23
16
41
57
23
41
65
82
50
19
47
7
91
40
76
18
74
27
2
27
48
49
26
34
18
5
74
47
31
49
66
36
19
24
67
36
56
50
61
36
2
77
69
17
60
61
48
47
33
65
73
18
59
70
30
67
3
41
85
67
92
35
92
35
29
80
31
90
28
42
29
60
99
71
13
13
92
92
22
54
16
42
98
57
67
83
21
37
55
40
6
81
74
86
11
28
42
88
11
30
46
6
82
40
90
36
22
66
30
100
48
93
25
42
3
7
32
68
95
90
23
74
83
92
50
97
67
0
39
95
85
62
60
34
72
84
97
30
33
27
3
95
43
74
43
36
62
14
48
12
84
86
46
48
84
39
46
89
49
97
98
5
86
56
22
59
82
20
59
50
13
52
62
47
70
25
79
55
6
83
78
59
17
88
96
19
2
47
13
68
38
34
15
87
88
46
9
34
5
42
17
70
26
4
58
88
82
0
53
29
100
96
69
45
52
37
52
20
23
50
20
20
58
72
92
99
50
16
60
71
42
27
33
16
0
56
86
81
10
26
56
43
74
81
94
35
4
85
98
0
0
60
6
18
31
71
22
52
39
12
19
28
92
62
98
86
88
45
6
58
21
19
99
71
77
40
38
30
49
60
55
66
52
98
51
90
79
49
50
38
78
85
0
23
71
44
24
76
76
76
43
60
31
21
85
49
72
37
64
69
81
54
79
72
66
93
67
62
82
100
91
41
76
12
22
74
68
75
89
99
45
9
7
68
79
28
37
0
11
3
51
65
7
63
78
45
89
74
36
9
85
39
57
17
91
63
7
12
62
7
56
20
1
81
80
92
91
19
78
86
95
31
40
22
72
49
26
5
86
95
27
4
52
57
30
77
55
47
77
5
57
66
69
10
98
97
13
47
1
46
16
46
78
9
30
97
62
20
7
51
98
54
13
37
16
69
80
8
17
40
21
99
48
54
36
1
16
89
79
51
19
77
0
43
95
61
4
62
85
48
59
23
37
58
82
92
80
69
46
39
95
88
67
85
4
28
11
33
99
91
62
12
56
7
51
27
94
82
14
90
12
9
59
29
17
63
73
31
60
87
10
64
28
45
11
45
70
43
64
85
79
19
92
61
73
15
94
54
75
0
32
42
83
45
70
42
38
68
8
75
10
66
60
10
65
28
96
45
27
34
24
67
62
66
58
28
15
16
1
73
45
79
99
16
39
75
99
100
56
42
96
31
21
2
15
71
71
95
27
23
56
2
13
87
98
83
24
74
40
46
99
86
40
10
89
2
100
64
95
32
23
16
42
64
89
43
40
65
27
25
69
57
84
8
8
16
72
16
77
26
4
3
96
80
95
5
58
74
71
9
26
22
73
59
100
20
43
12
66
7
7
74
16
22
48
52
53
57
51
69
40
74
67
90
93
42
4
53
82
52
6
72
63
37
17
0
19
16
63
49
32
32
55
66
42
20
56
32
62
24
40
64
79
63
92
21
19
49
92
51
63
37
30
48
14
82
52
15
56
13
37
54
98
66
64
2
15
49
20
70
94
97
26
25
34
86
4
7
90
91
90
89
76
70
65
97
98
77
7
11
49
79
22
12
64
21
48
10
49
63
38
73
6
57
90
0
7
27
55
23
63
82
38
19
19
57
52
0
43
74
22
54
76
84
5
10
47
21
87
36
79
85
47
68
78
47
31
95
48
83
61
17
37
88
58
4
35
30
18
60
4
29
48
90
20
69
20
34
53
81
4
44
25
84
18
10
17
85
40
75
80
93
76
2
55
46
63
46
92
96
23
77
42
58
95
1
86
1
36
52
89
97
58
98
57
64
44
2
60
17
8
92
67
69
69
69
1
49
28
84
93
90
83
16
35
29
87
69
99
35
56
24
10
4
19
2
43
58
76
13
85
68
15
17
37
1
41
12
10
29
78
62
84
13
17
6
16
10
77
24
19
50
3
11
88
83
14
45
14
38
16
50
53
58
92
36
25
22
32
39
98
69
31
45
36
93
73
82
90
13
83
39
15
94
72
14
41
62
22
65
64
6
51
20
14
11
67
87
58
72
25
43
68
70
89
89
66
65
86
67
53
22
24
14
38
83
15
55
19
77
93
58
56
23
94
89
5
92
59
66
98
70
33
15
79
26
92
27
21
48
92
68
89
9
4
66
45
1
3
12
41
83
36
74
81
87
56
87
52
40
91
92
69
24
73
70
33
95
35
49
73
40
47
66
28
56
31
66
46
1
76
28
90
58
97
33
47
98
26
66
36
23
79
84
38
97
50
74
19
2
62
31
60
21
49
79
6
32
97
95
43
56
31
30
18
93
18
7
76
80
92
28
89
25
69
10
38
55
6
66
12
7
41
35
47
81
80
20
60
20
19
94
94
80
57
100
45
4
60
86
91
94
44
88
24
14
44
47
98
21
76
0
28
94
83
63
22
22
19
68
7
62
75
43
12
12
85
65
35
64
31
85
24
90
50
86
13
15
50
81
75
79
99
11
18
13
74
2
86
50
75
91
56
65
56
77
78
5
65
65
7
84
90
65
30
85
75
91
69
77
60
92
16
76
51
20
2
26
47
24
99
93
82
52
40
40
13
60
18
2
46
19
9
3
18
52
100
90
9
90
99
25
67
21
38
85
64
45
75
85
32
90
13
38
26
72
2
34
5
94
52
58
100
71
0
92
59
5
26
89
93
90
91
57
56
56
42
7
86
99
15
12
65
66
55
1
28
78
1
54
95
58
99
19
47
77
41
69
56
52
74
2
94
26
16
99
9
52
45
93
52
58
92
75
14
75
40
65
9
15
57
38
23
42
49
9
29
14
14
4
49
70
18
62
24
93
1
53
73
25
88
77
80
73
52
28
2
70
59
97
75
36
88
95
43
80
6
26
39
19
28
91
3
38
14
36
84
39
79
64
13
85
100
7
69
42
79
73
93
80
94
60
13
51
52
45
77
11
40
38
78
14
31
25
3
58
90
14
69
69
30
66
33
18
6
90
4
60
35
83
38
31
75
60
79
10
99
46
12
71
35
90
29
11
20
33
93
10
15
69
75
30
61
47
56
62
71
88
4
88
80
35
32
52
43
95
46
5
25
97
61
0
93
97
93
86
90
97
64
75
68
83
17
51
51
15
12
77
98
26
41
68
19
58
91
48
64
40
92
23
50
96
68
68
31
17
35
21
34
61
92
100
77
49
40
29
57
73
94
48
14
68
89
94
84
95
2
65
45
87
88
70
64
99
79
0
73
12
16
96
77
73
33
27
73
40
68
31
89
81
30
14
5
83
87
40
7
100
54
88
23
75
33
41
21
71
100
87
12
82
62
65
78
20
37
19
70
41
69
19
29
82
89
44
34
51
3
54
57
6
6
45
90
9
100
68
9
86
21
36
68
0
80
80
11
66
17
8
68
68
23
60
18
70
45
48
80
71
56
38
61
3
100
65
7
14
27
63
54
72
98
82
74
85
28
7
75
43
75
43
11
69
72
97
22
76
80
72
12
68
3
95
5
49
4
27
6
22
70
0
70
48
68
6
99
76
79
74
3
32
37
20
67
76
81
60
37
4
41
31
87
74
21
30
99
50
9
68
15
41
11
82
2
45
71
60
90
37
63
98
81
72
80
73
0
73
29
44
93
29
47
93
43
7
64
99
54
10
69
82
75
18
47
58
4
66
49
6
95
44
49
38
6
74
96
49
0
90
85
74
67
64
39
3
46
71
85
71
66
29
61
11
94
17
75
12
98
81
14
85
44
48
82
14
0
39
10
57
28
19
91
96
57
12
45
27
30
83
8
35
49
23
65
38
18
16
95
80
62
2
16
39
56
37
9
12
47
85
34
100
30
96
24
32
75
22
28
78
83
22
100
28
11
36
47
20
2
28
37
45
38
55
22
70
43
27
47
96
90
30
81
59
74
51
52
13
2
14
8
3
29
84
44
80
79
33
96
69
98
71
27
26
94
69
66
81
66
0
94
33
74
87
95
13
18
99
61
73
39
1
37
22
73
40
53
61
49
1
45
28
63
17
57
14
42
46
79
23
12
0
88
99
71
74
44
58
26
74
35
44
83
97
87
76
47
13
48
66
53
17
10
88
90
24
65
78
71
12
18
92
4
18
82
52
48
28
77
45
81
92
14
17
97
22
98
22
21
12
33
11
26
31
22
97
7
52
75
78
11
9
64
1
89
33
72
76
12
85
90
76
71
83
13
32
41
83
7
8
20
86
86
53
31
20
65
8
12
67
13
75
14
69
17
71
47
30
50
31
62
80
10
76
54
88
27
70
3
53
51
0
66
17
28
70
95
72
50
67
61
63
39
69
74
16
45
23
15
60
16
0
59
43
92
76
