8192
4464
4030
362
4242
3743
2198
2323
2523
4428
5832
1318
357
199
8116
795
2919
1009
3377
1624
8066
2705
4961
7746
6913
1630
6537
7945
7209
7
5174
465
4610
5228
5965
4138
1541
5416
4118
7510
3920
3804
1800
3735
4155
2703
1858
4454
4055
1679
3886
6807
5282
6659
2716
6347
3426
1675
7506
7353
2712
4433
5109
6140
4170
809
4492
385
6556
3384
707
5557
6881
1202
5984
7273
3028
6253
8036
7725
2998
7737
1802
2601
3613
339
7256
3386
1855
7736
7231
2434
1372
222
4636
8057
738
110
7649
1395
340
2818
5192
5341
497
690
3357
2088
4032
3453
6939
4744
5258
5675
6027
5155
4613
8167
7365
174
4021
6406
4275
6438
6973
1169
751
1176
6698
4937
5926
7642
6622
4684
3516
6153
6591
5198
6020
125
6282
6705
222
3806
3007
2802
1165
1209
7664
7510
5039
749
4663
5878
1584
7703
6854
7629
7933
2570
2316
3311
8188
6253
5019
4694
195
2620
4458
5244
102
3281
6191
1776
100
6327
6824
6810
6150
2846
7406
3115
5378
4582
5648
7700
5161
5668
3775
1654
5164
2388
7431
5640
315
5187
595
4527
7534
6211
5863
6350
545
221
5747
5953
7960
7067
4755
1331
54
5310
1201
5479
7341
4718
5945
3356
3439
3764
2581
3116
1866
2573
7737
81
3368
3468
1129
7631
7998
2097
3367
568
7086
4310
2006
7923
7927
3303
7988
3990
1947
424
4396
3199
4607
2319
7511
1739
3343
5555
4687
3538
1691
3867
5815
3828
4621
5869
6617
1330
5163
5896
5968
2696
94
2824
3556
1644
4642
5319
2775
6074
984
417
21
818
3119
6154
2531
2335
7130
4866
7536
4851
2826
2262
3169
7050
5280
6705
2674
7541
5266
2300
5590
5298
1052
4182
359
4277
2875
2040
2127
2388
7248
7873
2505
2478
2372
6114
7530
8078
3589
3991
22
1699
5414
835
3205
352
6995
4026
6785
2369
6130
5353
7429
186
6825
7971
68
6656
4395
1959
3094
136
1986
396
1367
5511
252
3615
803
7636
5994
5056
3316
1565
678
7619
2094
5474
4906
6653
6621
5465
7825
7442
5431
1563
7546
645
2434
1266
7982
978
2146
2784
5741
8091
4619
7136
2022
1196
7432
1305
99
3628
5409
36
4655
3493
2973
3502
1781
3307
641
4519
3934
5928
4898
1178
1467
3085
3510
4034
5095
1103
7720
2081
1926
6950
6227
5544
4125
8020
7879
1770
8056
7687
2342
164
2095
88
7925
4565
2526
6757
4698
3616
210
779
6528
4519
495
3661
3002
1152
5415
1999
6970
4546
260
4991
705
5074
5334
8159
322
3484
4304
4349
7820
8003
4742
624
8182
103
955
2130
5137
3595
2176
8160
6404
7082
6590
2641
5092
459
2422
2303
5829
6425
4499
3424
3739
6885
1251
6037
7719
6220
4039
7352
4671
908
3551
1515
6977
6443
3275
7415
6357
6748
6631
327
111
7965
5409
1712
6613
1620
6301
6514
4042
1058
3045
8071
3031
6871
7735
5180
4787
272
4671
427
4455
5646
7070
275
1732
6463
5318
7989
6959
7222
2499
6734
1779
7382
2029
5157
8164
6195
1447
4840
6981
2588
980
2863
8051
8132
7455
7122
1377
433
2633
4664
4181
429
6306
4008
7762
7008
1785
5877
3136
7373
911
6408
5990
4787
3380
3631
5268
4065
2447
4297
2333
4068
7383
2311
7652
719
5761
4174
3754
5666
6334
1678
896
7366
1437
5719
2424
6931
5909
1306
5235
5637
4297
5324
1500
3053
1337
4923
1241
1004
3640
6724
4649
1435
7024
3360
6145
5404
7816
2999
4478
858
2520
6511
5165
139
3870
4067
774
1518
289
572
129
7896
974
2783
7521
4096
7341
1498
5012
4280
3875
8015
6914
7466
3701
1019
6413
4959
1269
2944
5077
5444
3454
3285
4791
4128
5675
1038
7205
31
1951
5900
2333
339
7885
6600
1969
7553
2145
58
5411
6215
2919
3306
1292
7368
867
1847
1584
2840
1259
7506
4731
334
5306
755
7600
7024
6360
6972
2673
7848
842
2434
5729
2244
1974
5993
1891
2960
1484
1868
1859
1611
3556
6486
3573
5381
3162
6941
792
3655
4108
67
6026
3221
5394
4309
320
836
3691
4219
4177
2448
2080
7939
4458
7649
3818
343
4115
1162
3990
5343
6443
818
2982
7130
982
5656
6236
1201
2149
6274
3587
4876
7089
1691
6547
399
223
7891
4365
2644
6786
6313
3926
3459
6548
6358
3624
7902
3818
3834
6648
1692
991
5057
3423
1530
4204
5664
4514
5893
7120
621
6413
7550
1977
6629
4884
3569
2895
7652
3904
6842
575
210
2710
1033
1577
5062
5931
3643
1222
991
2325
3910
4478
3022
6192
7048
3352
2853
3988
3121
392
1646
6018
118
6005
6025
2547
2680
591
7061
618
7465
4092
5667
7574
1573
531
1776
4410
3517
3611
5090
612
3329
6903
7511
5486
3281
2427
6082
3757
7479
3209
5771
7986
5256
4225
1091
1579
3978
2598
977
7669
4362
2209
3541
3495
7705
6424
4492
1095
4180
4279
2688
6271
1240
4460
3344
4808
794
317
7038
2693
7951
497
3309
2603
7896
924
6566
120
8065
6319
3972
4207
6805
1922
5896
1089
4492
948
3822
1010
2783
6445
7457
1293
2562
6290
7772
6556
3973
3309
6383
1067
2429
4855
3771
6655
5354
6810
7877
2565
7527
53
7272
386
4941
6790
2204
7529
4034
645
3250
6679
1765
5009
2575
3242
2573
5984
6426
6020
3214
5815
2944
7161
2320
6641
1924
2096
2387
4594
6394
5433
4108
6222
4631
7146
2030
7529
5185
1393
6485
5529
5465
5441
4216
4978
6321
2360
6965
7311
1667
1693
6693
1679
4336
8053
7496
3276
1835
967
3796
892
7097
1291
5973
1296
6438
6774
5337
477
6097
1308
1979
154
2954
8134
2889
2575
4523
5808
7243
5542
4132
6008
4864
3799
1750
2619
2600
3759
6108
5532
551
1842
700
2094
2332
6497
3883
382
5195
7102
3449
2517
6878
4686
3358
4034
4394
3974
2015
4885
155
3598
5416
7136
2226
1476
5043
1781
6010
7958
4805
2706
5870
6128
238
2318
1331
4597
1370
5284
2134
7723
6980
7838
2480
2210
5716
7796
6716
4944
7557
4435
2465
6471
2958
3030
2455
5035
4671
3059
5182
5423
3424
6289
2648
1462
6414
607
6303
7774
5154
184
7719
3154
6476
6898
7463
5086
2185
7578
2089
2473
847
5741
4781
7885
5564
4167
1425
1924
8156
5641
7091
1543
1864
5229
4073
36
7626
2687
829
2316
1567
4399
6582
219
4416
2437
26
5272
2414
246
5626
4040
6741
6698
5702
4932
2444
3483
1744
5683
3605
8169
1324
6202
4109
3846
186
7438
4749
8013
1626
7383
6065
1918
2650
7688
4864
4492
5989
327
3267
5590
1462
7864
1396
2763
990
3061
4818
4855
6334
7019
6094
4373
4632
456
2000
3135
7565
6468
893
2330
7194
7946
6821
3845
3392
4979
6702
7770
2522
8035
2834
3344
4905
4766
3651
350
7128
4676
6637
5659
5699
5648
4682
238
1566
1267
5077
5474
4584
575
7481
2526
8132
28
2503
6521
6120
293
6526
6010
1207
1593
4930
7779
6776
1629
4119
861
2843
2470
7849
7385
7274
2212
5217
4222
3625
2067
2449
3563
3137
2746
8134
1249
721
3297
3243
4669
66
16
5959
6367
5445
6338
7793
4676
196
7887
4979
2892
5127
22
3922
6325
4650
1314
988
3354
6036
8050
1448
5914
4200
838
3669
3885
3057
8027
4444
5325
4864
23
5024
3400
4303
1781
3677
3979
5355
3253
2236
5223
423
1184
403
7095
3335
4106
5261
5267
5749
346
4746
6634
1464
4390
6409
3830
4709
3921
5573
7491
7922
285
326
5658
1140
4082
7949
4455
309
7373
1479
4220
7410
6198
6863
1738
2252
4300
6620
6597
1383
2177
7228
1366
1585
838
7590
8072
5333
2494
264
5798
8017
2697
3404
2635
3776
1775
3356
4361
4863
3587
2709
2605
516
3814
6283
868
5723
8028
2675
4347
7048
1447
5869
5968
1024
369
3380
1497
5966
2763
1813
5926
1505
3319
2699
2154
6512
7001
2154
4860
1558
6187
3306
8121
6588
4338
972
2959
320
5774
7803
1415
323
7229
4904
4083
7089
5530
7389
1599
6003
6826
1946
6720
4543
6231
6929
976
900
1401
5767
1834
3077
2008
272
5968
7773
995
2968
7642
5062
2710
3585
6416
3396
5229
6341
1867
6338
5925
6707
7325
5766
5978
1035
6221
790
295
4620
6090
5102
457
5200
4110
7535
3147
3040
6135
7532
6456
7546
4436
6124
7021
6191
3296
5900
5669
1552
4062
4749
5853
1507
5476
7953
3114
2655
5205
4860
4870
3506
3780
6533
1016
1001
1767
4466
5919
7766
5939
5480
261
5262
3615
4951
5765
3069
1528
7086
7631
7527
553
1830
3626
7527
7321
1628
1909
2559
8137
7726
6470
7211
3910
6267
7662
789
771
6642
456
541
7138
6220
6052
2384
143
2592
8003
7272
7718
717
7333
5185
1211
3474
8063
8003
5263
4812
7463
4772
4038
3396
6278
6467
7296
1698
2140
3983
706
4263
4861
1051
1409
3776
2055
4760
1631
2183
5623
5529
2100
6720
6147
3160
4905
4553
7271
1857
4041
5827
7109
2284
5801
4267
7827
7027
4182
2489
3779
2054
7275
4221
4491
6963
5863
6795
2771
7288
3178
3047
944
4423
4187
1560
8180
7622
5153
7943
67
430
530
5632
929
5508
2426
6064
5349
378
5881
6713
977
2359
5305
3358
1430
4556
599
3018
5162
3594
2128
8004
2075
2531
4356
7574
2694
1899
4969
5567
2966
3151
5096
576
4961
7740
6700
963
6608
5469
6893
5124
2300
198
6295
1695
1838
6459
2095
1563
5354
3430
6405
2935
6755
4971
392
4034
3266
4372
2942
4434
714
2004
3996
1379
1423
4024
7157
7632
246
7838
2997
7268
6005
6808
4780
2380
5434
2385
2927
7868
3975
7897
6185
6709
3228
7464
7871
2030
6062
6908
6408
674
728
6279
1559
2565
5617
5972
7178
4159
4599
1033
3869
7302
1693
3569
3577
3679
2451
503
4168
6387
3561
1226
139
1654
7293
5398
903
7651
773
273
7271
5605
1128
3244
7210
6067
1707
2672
3257
6912
2252
3312
4664
6456
924
6775
6985
7467
1904
7655
1503
5824
2429
6158
3534
4641
7123
5137
4694
3982
2337
4052
3405
6076
2110
3846
6489
6114
1150
5978
1029
2450
1491
1185
1353
2332
693
3876
4992
4948
6147
6577
6249
2786
7688
4390
2575
6169
6703
3503
1440
6398
3903
837
3161
1514
5496
8020
598
2906
1500
1373
1342
7907
933
7589
1726
7681
175
1571
6560
3328
399
1080
4108
6672
7914
7791
6433
6597
3557
3468
5614
1029
1610
6708
2786
7779
4138
3832
6079
4632
7492
337
1213
4240
6685
6062
3102
3864
2646
1136
451
2029
6053
2135
866
4284
3619
6358
4650
7779
454
1526
355
7549
1358
4352
2348
3976
1587
26
6875
4562
5953
7870
35
3561
4956
2894
7107
3571
3262
458
571
5352
951
575
6935
7305
4699
6689
327
6040
162
7172
4728
1371
7448
2892
5023
7244
5788
4937
4086
5580
3939
5299
7550
2197
2392
2215
3950
2109
5117
1150
1895
380
7343
6583
3349
4975
1513
4820
3571
6474
1154
3944
3024
6358
5281
6534
6692
4835
682
6745
2720
2326
5376
3067
2379
1164
4631
2508
1728
6895
5040
7341
4442
274
5380
3792
1273
6659
319
1851
3303
7041
993
6821
6305
3415
7775
1733
1332
5101
4283
7159
5638
5171
1749
5253
5495
6586
5865
6667
809
7035
3825
7872
6560
365
3115
310
4362
1501
4876
7455
1287
5586
1905
7718
3646
2749
7788
6012
7813
3122
4006
2105
1905
2655
3537
7757
510
4764
2334
4609
3746
7525
1106
2445
1324
2148
2845
5802
4941
4944
3879
2207
6439
5625
5988
1774
1698
726
2800
1858
3417
3199
2826
7137
6294
611
6450
6009
298
3962
420
4160
1576
7084
6749
7031
1721
2541
4650
6657
3346
1359
7162
2023
1683
3559
1337
3974
6475
7422
1828
4069
2913
94
5785
2119
3068
6113
3912
360
6166
5975
6920
2625
2136
7050
7182
7891
4505
6681
6615
1541
7889
5351
2903
2093
5508
4403
5547
3789
6023
5511
6602
2333
4482
5500
3670
5679
5078
5671
84
1563
7799
5083
488
5523
7452
4303
644
3389
4466
6419
4173
2398
7006
2077
1056
611
6513
2983
2775
184
7866
3693
2859
3004
7210
883
5485
583
2277
2175
5100
3540
5172
2910
3013
7926
1493
1945
4197
512
3556
7450
4154
3601
5374
2949
818
1120
5973
5769
809
4961
2493
5843
1781
6832
4805
6425
27
4908
1303
7638
1554
4988
7490
6293
1590
5124
7935
3602
2504
7815
6626
6069
5918
2524
2825
7897
6547
6911
229
1772
5959
4773
7416
1849
8181
7063
5487
1049
6737
4652
2030
2027
5007
1556
3767
4619
7522
7702
4511
886
6775
767
3355
5901
6302
5600
1382
5556
7616
6905
5873
2149
3914
5233
664
6751
7533
2755
6106
466
2554
180
4716
5806
63
349
2260
1597
7968
5794
5922
5003
1071
7101
989
2614
5560
7471
3024
3353
4635
5523
6983
4832
6220
2707
2719
425
4940
2600
4403
2998
1526
7553
3246
8168
6990
3083
4540
7072
5431
298
3120
32
3932
7467
5528
6
1299
4917
5536
3691
2010
5204
5808
8018
3379
2459
5990
1712
6494
206
1596
378
749
6025
2377
7824
4134
2190
4260
3578
6189
5321
1288
639
7016
875
2478
3250
4301
3702
6822
5508
1879
1988
1747
6041
5233
5470
2187
2767
6768
6810
1469
6458
1518
5276
6555
4269
3337
4890
309
8136
5542
6052
7589
5909
7859
7127
5093
3379
6929
407
5386
6663
4291
7973
2711
5818
559
7133
8062
4099
6999
851
1325
6707
5362
7895
6001
2614
4253
3999
1710
112
1938
5969
4352
6370
1472
4172
4935
3390
5336
1866
5717
644
5871
3118
6483
1100
4088
7844
7757
1496
3741
7460
858
7666
5464
5863
3042
4111
7190
3660
7279
3033
2285
1228
5794
6857
7011
6976
6035
5951
619
871
8130
4877
7937
6052
4643
2328
5393
1273
5721
4400
3445
3188
975
1261
1435
4616
1469
2531
3500
1591
3623
6325
5027
8189
3543
5028
3778
3749
8124
3248
3416
927
182
7798
1569
5378
3633
2482
5912
7005
4320
4199
6709
3067
3641
7480
6765
1806
4844
6754
6614
2148
5087
3412
3106
685
5224
464
3538
5544
4571
7533
2580
4228
6077
7931
3487
3585
3519
193
7467
4782
3032
3278
1161
8124
1524
3941
1343
3005
6512
7418
936
6559
6574
2882
1165
2324
950
1111
3747
7600
4451
2105
5023
1446
6342
6483
5141
105
8120
6241
2637
7994
5206
3061
4304
7554
1819
6005
2763
2885
2595
6220
2234
6465
3951
5114
1900
477
934
4161
7208
2612
6477
1472
5040
6178
5936
1324
1041
655
3537
382
48
6853
2359
7068
12
8141
1643
98
3602
3247
6880
6599
3207
8027
1421
5989
3326
348
4660
1416
7165
1682
5727
170
5867
3931
15
2687
7501
662
6696
4128
7842
4964
4050
6505
556
3218
662
1432
3443
214
1349
7424
478
7168
7461
2098
1253
8186
3116
1443
1026
6668
6531
1724
7466
873
5984
6153
4203
6324
871
1036
2156
5159
2322
1870
5950
3901
5760
2557
6895
6949
7267
5466
1954
6670
7560
4475
509
5035
3998
4504
7088
7798
4513
5353
4455
2629
3091
8118
5839
3244
2073
8040
3861
775
7379
4245
5838
502
2693
7341
3323
3001
7415
292
2431
1941
1182
3899
159
4684
1643
1958
3049
3210
3613
2040
3450
3272
2983
6340
6928
4079
4772
3397
4450
6306
4063
5423
3540
5116
5836
3045
146
5148
5231
2634
6436
6307
2323
5263
3901
7729
3024
6310
4905
3934
810
1133
5145
4997
3440
6008
7866
6322
7361
5491
928
23
3746
419
1624
7558
290
7129
635
1437
1012
6155
6416
2672
2401
759
967
6866
1758
6351
2545
2975
6255
7761
4119
4770
3408
6198
4241
3828
5502
4676
4440
4432
5477
7694
5110
3257
1042
2030
4963
7489
4158
5942
3068
913
1614
2757
2415
2933
4343
831
2652
1769
6244
4627
7804
7854
5020
483
3356
6397
17
4179
5124
7921
1951
7194
466
3392
3
2674
516
6736
6765
2323
1403
7829
2993
2250
5926
4071
4181
8192
5980
1223
2049
4954
2678
6377
3713
7652
3111
1017
2013
4342
2368
5716
7265
4197
8016
2568
5716
3623
5255
4613
1850
4439
1178
725
1625
3995
3962
5582
5481
1651
291
4635
8062
4045
1046
2820
7593
5487
6606
3460
1871
781
3886
3692
6496
645
1637
3349
3006
3510
6153
1583
5360
5934
733
2338
2986
7444
7488
5373
4036
4456
4210
512
568
2748
137
7015
1347
4296
3663
913
3538
251
7275
4221
7932
7332
2317
8004
5647
5666
3309
1744
7695
4966
6517
1500
8175
8089
5590
542
4301
3444
5434
3574
5550
6179
4016
2600
6332
8063
4247
5662
5015
3067
7529
6289
5960
1958
1390
3854
6536
2730
7036
3944
8170
856
1919
3676
1883
246
1183
7869
7637
226
7044
3975
6845
7162
1454
2236
242
7958
4300
7230
1636
4458
724
3139
6545
7372
4038
8079
4127
6599
6081
4767
1979
5027
4248
2884
5766
5130
1081
5471
6084
6360
475
2290
4889
8183
1820
4284
7737
2687
3954
5891
4435
7572
1125
8069
6169
262
7692
4097
7671
1684
7522
7420
5550
1300
2376
2904
2047
327
3731
2059
2493
6361
2434
741
5855
6958
5290
7667
2921
7132
7407
1528
7098
1590
6976
813
2240
1865
3932
862
161
3081
3728
4531
1932
6132
8011
7178
2926
6196
6301
6535
5192
3912
2342
1156
43
7287
7375
2379
898
7069
3557
5818
4646
6584
4796
7024
8028
2671
1868
18
850
3776
4568
613
6211
3519
6829
1130
6831
3338
4222
2345
3645
380
3668
1051
1414
5614
7757
4198
4065
1233
7255
7739
3379
7991
3427
7344
5836
3851
4298
1518
4602
5290
4414
1528
4972
1344
4989
2972
2292
1509
4226
8077
2646
647
3941
3995
5827
8010
5254
5751
361
3460
2643
3672
7311
2208
35
7322
1723
391
5321
2326
3315
6435
7212
3230
6647
1533
7946
7578
6934
2364
2453
2771
93
3673
4536
5970
1251
6667
5289
6147
5489
1245
3993
8117
3780
1298
2897
2462
3338
4869
2741
6004
3774
6354
7003
177
5954
3956
1285
1278
7642
5321
2958
8149
5714
7522
228
7741
2976
253
5820
2139
6921
5454
5250
2661
2398
408
681
5176
2225
543
115
2224
6142
7691
1110
718
6816
2738
1630
1452
1153
6728
997
5301
2578
1369
6179
4888
3058
7232
7307
4219
2026
6816
1990
5211
1174
1548
2601
4652
1397
1765
4558
5222
7072
3782
2345
2883
2335
37
7621
4932
1385
101
6519
1086
828
5370
7045
7652
5072
5376
766
5366
636
6272
2705
5364
4374
3435
1982
1307
1441
7412
4518
1412
5629
687
379
704
6157
5181
4225
5874
3730
2459
3525
4542
6882
1459
6871
7383
7223
7941
7808
3638
939
7300
3090
1744
1683
6885
3871
2048
596
3968
4961
4222
6761
578
1817
3868
5590
1202
1624
1922
3554
6804
1540
1606
4200
1877
2289
1568
7193
2944
3356
277
2855
8132
61
2201
3581
6549
5892
1940
6614
2280
7926
5254
7132
953
1583
3706
6141
1610
7585
6769
6921
60
559
7399
6170
5393
7864
895
5255
4513
2013
1850
388
3893
3583
2057
3058
1572
39
3383
7598
5302
2427
2252
223
4283
4902
4287
6794
1435
1839
1858
445
5911
2378
841
1661
4806
7740
5231
1320
5801
5102
2404
721
2438
7232
1261
1835
5116
646
6706
3804
5006
5857
2042
1419
4877
4577
1867
5578
7278
390
3520
2872
2855
2973
6356
3195
2380
7340
8134
4031
3589
1533
5464
5959
1844
2479
4990
4693
1409
2587
6321
683
6069
459
5714
6674
4454
3878
6253
2571
8086
3742
1154
1472
7300
3165
6309
1904
1114
5660
1907
5193
8050
222
6854
1815
751
5613
6574
7791
3707
6372
6736
3043
2379
7315
1066
3608
885
806
6507
6029
5280
5429
855
6513
7153
330
2598
4427
1950
821
7282
1060
2279
3826
3650
4288
7879
2265
7603
6173
6246
3201
4460
5071
4564
4715
598
5644
7516
1885
4030
8162
7944
2366
5471
5977
6623
7076
6062
4992
7229
899
350
2664
2880
478
2934
1908
5377
780
6160
7183
6856
5428
5628
233
1953
124
4643
4794
3340
3203
1223
2111
83
2953
1220
4647
3758
2361
2875
7903
4695
6530
19
4716
6934
3621
5379
2801
6554
5404
2490
7587
798
7969
1194
3878
3765
1752
7504
4789
5014
1072
422
752
7319
8071
4949
601
3634
3829
3473
6379
7626
145
6757
1327
2303
4963
810
3845
3517
6799
384
3295
5696
3815
7340
943
6399
309
7094
1149
1339
5907
4744
4674
7747
1776
2236
4464
1705
7936
3339
4374
7837
957
7848
2213
4913
2885
96
2730
2630
2391
4536
2327
3869
7881
4720
5970
4932
2840
5758
6704
6835
6558
1665
4439
6997
4373
5726
5738
5619
7037
7956
4005
6192
4251
6029
4654
2779
615
5101
5344
3153
4332
3014
4223
2338
1095
5354
6
6678
2453
6566
810
2849
4896
7904
911
6960
1189
4401
6411
6953
7725
4699
7945
229
1528
7418
1456
4863
6738
3886
6988
4471
6512
1399
4029
6516
1921
5859
5360
891
4030
357
319
6717
3601
1420
8043
6572
4475
6583
1176
7429
1529
3434
7551
4601
5703
1844
5383
4572
903
5711
5565
2804
7531
324
2117
57
6045
600
71
4331
2315
7363
4970
980
633
895
4797
1691
5488
6238
5999
8036
4257
1344
1792
2681
7660
2351
969
6568
2458
123
8131
3394
2607
1199
2423
3132
6127
5936
1150
128
2092
7371
3757
5648
5646
7584
2479
7672
1607
1947
6074
1292
459
6423
6131
5418
3080
4317
1605
3274
5668
1029
4096
7578
4366
1717
5507
1322
6009
1615
7893
1252
6805
3394
5946
849
3826
1820
2015
2759
6378
7903
7197
1063
6901
1148
141
736
3509
5314
1462
2445
1122
6965
3110
7367
7303
2008
4222
1454
4209
1211
6635
5174
1807
3899
179
7821
5208
6880
772
7453
6998
1050
2991
3565
5215
7903
7309
6533
5309
2628
4609
2362
5980
6467
7434
1850
3596
7105
4249
7091
651
7099
1761
4677
1615
7540
6109
1984
905
1383
4260
5393
1969
4495
4508
453
2787
7063
929
4000
4388
7210
3814
3404
7721
3910
3922
1844
6780
1496
5322
2881
2432
7765
4201
3577
747
123
4965
1813
6090
3535
7470
698
6222
7621
3361
6853
7418
4478
5462
2851
5460
1085
1869
4540
3915
3328
6494
1667
2631
3329
1502
2901
357
2345
5977
1388
4505
3739
669
7835
5767
7024
6589
1070
4019
419
781
5464
1244
1325
4635
1155
6330
6740
2381
6743
6612
7585
4313
756
2920
4368
6314
271
6396
3692
2345
1692
5182
7961
4313
4924
7150
6106
8125
1059
3200
1856
5166
817
6169
6538
4908
1176
6199
5094
3769
4607
5291
4395
3410
5956
6895
3166
513
1833
583
7106
697
3452
1096
7785
5617
2821
579
763
6824
7253
3771
7431
701
7978
2960
1443
4088
8181
5664
5014
2508
1089
6067
851
3914
2787
6368
3101
1514
1618
3841
2963
5434
3875
2422
4880
4885
2353
5102
4614
1967
3084
5839
3480
1704
6211
4347
2295
4541
444
3612
5708
2674
2200
233
5522
943
2661
3795
2631
4086
7236
5113
2627
4269
3196
3470
2192
2474
34
4038
4128
6980
4919
6024
1726
6262
2860
4068
5011
5686
4562
8131
1249
6539
1599
6436
6147
1959
8122
7514
3661
2052
3415
2353
4408
2939
6326
2143
59
144
4672
5960
855
3775
790
5918
624
3419
3736
3516
3537
2153
3902
7287
4551
5397
5397
5169
4116
3595
7286
1845
764
1700
4164
7040
850
6542
370
1240
4073
1312
5653
609
6594
3607
5447
3960
4413
694
6254
7787
6104
2529
2252
4935
6769
6440
243
3414
6126
6628
675
1740
4449
4046
6526
5701
2208
3818
2075
185
5865
6661
7397
2055
971
2739
6996
6697
5832
667
2875
5865
7518
2920
4808
1687
6189
7904
1316
4796
410
2473
6557
7901
5203
1832
5601
5791
1539
5976
4823
5789
706
6520
3759
7338
202
6317
5202
4770
7834
7349
5827
7074
4205
3569
1393
7733
2493
7614
4518
1376
7896
5814
7108
4987
5132
7217
4892
6236
3452
5038
7400
6229
5597
7780
2166
3938
2906
2935
971
4280
3355
802
6989
6657
4218
3476
154
3871
5381
4065
1985
3753
1612
5265
6354
2538
6732
7200
3323
887
5366
6282
7537
7418
6610
21
5844
1360
4585
1029
6862
1324
3286
272
7713
3090
3478
2828
6763
5281
2556
5543
2
5107
1070
3387
6951
248
5962
7326
5516
461
4381
3975
2040
1803
6455
1000
7121
745
3733
2861
4309
1700
3960
3248
2367
789
5495
216
4265
251
7618
996
3361
5523
6024
2370
4642
6163
3774
3312
5071
2008
4577
6000
5504
7270
1656
4126
3808
568
3385
1113
5626
1124
3905
4678
1373
7308
186
6899
2581
530
1949
7793
4133
7309
5194
6833
2131
789
2272
153
2232
893
4692
6517
5269
8085
73
2680
7253
4056
17
3500
4733
1211
6581
7932
563
5595
3263
189
6032
3622
7101
872
3010
2743
2517
1848
5933
8014
1746
5729
1997
6839
2020
304
8129
6425
1804
4163
5264
8003
1719
1588
1353
4945
4979
3634
1294
4602
484
7829
7552
7516
3279
936
5115
332
424
4935
2170
2433
8051
4908
3067
5272
3672
4241
4598
5549
7957
882
2090
7418
2693
3559
1848
922
2086
4416
5348
2325
1731
5471
3310
1297
2370
4709
5789
1453
4168
6881
6840
575
320
6219
4919
4641
882
6112
4994
5740
8158
1657
1341
428
4256
3183
4680
1386
2992
4637
2792
697
3413
3108
341
1966
5942
5371
5963
1455
718
6015
2689
318
690
1430
1885
1907
1011
7406
2262
1006
4092
3760
2656
5448
6226
4290
7487
7070
5706
3041
478
5621
4214
5933
5458
7705
7231
6014
601
4211
8184
6613
1719
6640
5525
6161
1597
5469
4588
1216
6158
6628
7000
5530
4190
2513
4909
5364
2248
8104
375
3884
5803
1300
6811
7608
3979
4175
757
6263
7962
7561
653
1913
5210
456
2085
6205
5505
6746
4638
5637
1150
275
3307
7537
1025
2664
3104
504
5188
4337
7967
272
1831
8062
3338
6354
2453
3277
610
7857
6689
8012
4802
6982
4262
933
2184
4671
7901
2350
5315
4426
789
4633
110
8025
493
7570
3503
6231
3143
6512
974
6612
928
6363
5651
1005
6462
4253
2571
5663
7837
7844
5687
7223
8072
927
1877
5261
6726
8103
4380
1105
2653
2267
4682
8128
5276
6437
1231
1256
5782
6976
2769
1698
5864
6166
6216
8187
4555
5903
6795
1330
6531
2750
2497
7282
1198
7859
6920
6736
1908
6711
3679
3932
6027
5930
4522
6256
1835
6689
7741
390
1871
272
1257
2040
4587
3132
7240
6863
379
6057
7214
7324
6271
8053
3020
2469
2973
1733
3913
1458
366
4855
2582
4303
4009
5139
6806
4948
5325
415
338
3490
5888
774
4279
1996
6813
3136
5015
922
1774
4535
6787
6674
3369
4088
7631
1670
2309
5638
3539
3094
2073
6893
1687
196
1134
3362
7728
4280
2066
7302
5506
4911
4043
2377
2395
6678
1694
7996
7956
6714
1502
6766
7357
4342
3695
8056
7160
7926
2610
4196
797
678
5640
5862
4020
4427
7417
7875
5445
6997
2151
2748
7608
254
7555
1803
6285
981
1337
7789
3036
389
4702
2445
498
2299
4464
7280
2348
4894
1812
1078
7029
6834
6189
6289
5659
5245
933
6804
1336
7935
370
6657
8004
328
7915
7253
2010
1300
2612
7442
6880
4669
3741
2392
6512
7030
7864
2014
6062
4181
138
43
1645
3306
354
6537
4008
4939
2813
7189
5629
4265
4581
4035
4037
6636
7377
5714
2101
1699
5684
7766
23
6293
1359
177
2253
2138
880
6456
5034
7248
7031
2071
5147
6255
571
4123
6107
217
6857
4030
614
8133
2585
5983
6890
1960
8116
8035
6018
3099
4256
1477
7210
4960
2034
7741
4715
8006
5052
8081
6980
4783
3519
4177
4713
2165
4447
2809
6644
6890
1027
7098
1207
6640
3989
2684
62
5683
321
1121
4838
5809
6646
2707
714
5968
7107
2638
6437
2587
6661
5405
7483
5949
3659
7957
5686
6459
8127
140
2539
6502
4941
6996
3412
4670
644
4516
6114
1173
5490
2912
683
4617
2643
3450
7129
8059
5158
6184
2066
3679
1037
3346
5676
6868
5252
3953
1673
2842
6598
702
628
5033
6938
7829
5963
5197
4692
4815
1218
7222
6398
7353
2692
6187
7163
1362
544
1354
7733
5974
1324
5498
2244
6754
6864
2855
6601
4148
5328
3770
1761
210
96
7217
4365
7659
5536
5476
8072
161
2440
2701
4138
3745
3858
5891
3054
3546
7823
5003
5621
2547
5905
7824
7067
7645
1283
5134
7107
6739
6922
7996
7603
6174
5118
1036
5459
3837
7667
3353
543
3286
5310
325
7032
3323
1545
7485
4544
5708
3361
2832
3352
4655
2380
2927
4424
4938
5185
7563
2411
1573
3646
6369
6031
3742
7967
3812
4901
7514
3026
1770
6960
4587
7449
5553
3055
2981
8106
6774
7922
27
3619
3609
2817
7963
2784
2321
3398
4198
615
5542
5031
7307
5884
7693
979
3452
4737
5259
7766
7600
6432
2617
4163
7730
924
662
3624
6649
5410
1451
5109
4498
6830
105
4019
5505
892
2771
8172
3274
5220
2464
6401
3397
1651
6599
5076
5944
4209
500
2793
1412
3875
2358
521
3448
7659
5618
755
2469
5455
5560
5767
7162
1543
8178
5794
5220
3665
209
5331
3280
7498
5855
5195
5953
3853
2429
6319
1762
5520
319
6561
1878
4242
3660
4913
2535
1530
7068
1601
6407
473
6487
3642
1109
801
1922
5173
5259
2219
482
4312
7097
3963
2038
8003
5450
3130
1512
4002
5621
1585
6802
5658
423
1375
296
7785
4928
1231
2166
3698
936
4104
2901
1085
1234
4959
5559
2162
868
6460
59
1174
1101
6487
5482
1486
6740
7290
7476
7604
1978
7595
7764
1697
2734
4809
3729
2198
3622
7731
3256
5696
2600
5637
2078
6899
3425
6616
7758
515
1602
8160
5210
2957
328
7763
6423
4807
1724
7042
3920
6266
5002
6144
6667
5483
1679
4829
5525
1342
4115
3402
4196
1902
1810
1890
4687
6555
508
4945
3330
1457
571
7041
3886
3910
6531
5256
7696
5254
6722
7846
6092
1912
3832
7981
5337
1926
2395
7211
2315
6092
2857
4499
3865
5283
6191
7363
77
5047
4993
7876
1292
5992
7289
3365
5728
2198
6846
6854
7834
1360
4647
75
4604
8158
7514
5763
4331
2649
8159
4150
3771
1140
3616
6793
6063
5005
5681
7792
5934
3630
6264
5629
4842
529
3926
1160
4195
7335
4870
2941
3008
2151
2838
4725
6873
6837
3888
7102
1184
4816
3444
7274
7764
5478
271
3090
6630
3238
655
3724
1124
3596
4333
617
3266
3931
4503
6771
7277
53
6444
4506
7355
1013
2395
427
1168
8157
5502
3083
1683
8161
2546
4845
7089
3139
6786
5300
6889
5588
3199
4979
4098
1851
1584
5367
4712
5180
4263
4008
838
3394
3200
7837
3296
6034
7073
773
1334
7679
596
7965
1361
7279
3231
2109
381
2801
5558
1644
2506
2352
5438
5808
6783
6669
1930
3372
3341
8079
3995
2018
1622
6968
3305
90
6985
6707
3354
1386
2993
6821
2050
8131
7560
5572
5284
4472
1689
2588
4614
3694
914
8167
1907
1053
4532
258
3630
6979
2786
6460
3703
3006
1236
3892
3325
5898
5379
1445
3738
7619
5096
1807
1370
861
5325
6277
7998
2111
5363
3535
2030
7996
2889
7377
4960
7615
5330
813
474
6594
1870
118
32
3944
4787
4398
197
6118
3851
6963
6557
5896
2861
6367
3134
3217
1021
1992
6947
7049
4999
3620
2204
4171
548
4417
3263
8134
1459
2696
6349
6333
2878
4753
4610
4927
8117
4163
41
6054
2613
5875
4209
3705
4747
1656
2860
7624
3233
6087
4476
920
210
7535
7374
6293
7719
721
2539
2311
1386
1272
1888
2248
321
222
7412
3432
5077
6711
1115
8138
6973
2501
7559
7083
6336
5177
5396
1650
2686
5124
2318
4604
8023
2761
3794
0
7151
4201
3460
2572
240
75
2459
3346
214
638
1518
5463
3257
7038
43
5811
2444
6577
2999
5327
5859
8089
2142
6683
631
4380
7168
6449
331
6991
4942
7909
4236
5125
2225
4781
247
5017
2521
7961
7176
2739
7011
1702
4757
5870
2969
3614
3535
5172
4988
2773
3433
1167
4991
7733
350
3669
4195
3570
7459
3717
4297
1962
7127
1457
7683
4582
3437
1336
1235
4234
1146
3976
7013
3857
4746
5437
2863
5214
2638
6830
2091
6764
7207
1879
5270
1618
3478
4360
6390
445
7148
4051
792
2372
6473
4129
3195
6743
5363
2792
2523
5139
1017
167
8111
724
4577
7570
1540
3659
4657
4475
4224
361
5812
1196
7137
5624
5250
6291
7032
1670
4993
4140
4161
2527
2671
967
7085
1827
253
7221
7900
3007
5600
2094
7826
2875
3133
6253
263
161
7199
5907
2740
6837
3954
4958
3417
6442
4355
4460
4773
2243
1509
1543
3574
91
7104
944
4636
4369
3451
6308
2236
5982
7774
2340
450
7757
6598
4712
4762
6581
685
6345
4722
628
3603
1749
110
8120
7816
4115
3238
7507
7970
8034
1879
6713
7295
2134
2353
6280
7752
1059
1685
4875
5776
3824
3074
6613
3097
411
7567
4996
3889
1585
4977
4400
2159
4950
7193
1503
3917
1546
6939
3134
4458
1272
2750
1331
4787
507
6672
3734
1433
6980
6743
64
2113
4751
6380
4808
5080
6070
6596
868
2403
4360
4238
8145
1691
1886
1292
6063
2036
4846
4027
148
2216
3003
1857
6560
1404
2113
656
1047
4310
66
4646
4169
4789
6579
4976
4193
34
616
7949
2279
7173
530
7581
7468
1123
7892
905
6621
7806
7772
6057
4226
3421
2068
5
6078
4098
6350
5077
3139
7586
5985
7901
3208
8178
5993
4465
1223
4514
3692
5693
3673
7524
6914
8163
4249
3658
1247
2906
3550
8178
8020
1148
3046
5452
1820
7233
4764
2544
5700
1741
6861
7125
2350
116
6262
944
3323
7847
7688
30
589
2596
7986
1137
2239
4664
677
7949
3230
65
7748
7790
1257
6581
5671
3558
5692
1640
779
1348
3711
276
4410
2522
4790
7155
6379
7317
2237
1243
7105
5605
3791
2236
3070
4598
2805
6617
136
2543
155
3256
1925
580
7349
4856
4673
5836
3131
1503
6916
4917
1767
4303
692
3296
6704
2571
6627
2778
2120
6254
2832
4558
7838
4449
7260
588
7689
3128
1100
3541
764
8087
2068
5308
6862
4172
2974
7799
6751
6865
5531
5597
276
4590
2013
1347
1681
2682
1165
2941
6802
63
4865
3859
1236
6163
6864
1738
6195
4230
3267
7741
2603
1902
5730
2874
4803
4295
1949
7836
1691
7630
6351
5893
6697
5539
3749
1607
4925
3580
2486
5085
4551
3262
4824
3856
1650
5786
2819
1362
5876
3957
5059
7960
6118
1445
7365
2931
1160
7851
1496
2007
4126
323
619
3126
1678
5263
1666
3629
3134
831
2118
243
755
4680
7608
2430
7799
637
2256
8137
235
7874
1787
366
316
4504
4114
2919
1399
3524
6688
2126
7060
234
3502
8182
3792
5159
5274
3367
7150
3399
7179
5775
4378
7080
5305
7221
4593
5747
1682
5662
7495
8191
6039
1815
2521
4465
6313
4125
6180
2725
2043
650
2605
6080
6382
7977
4940
4719
2116
1682
1889
5205
287
5476
1166
8121
645
6186
2193
3958
7728
5746
4516
3552
948
7333
55
2595
5098
3628
5290
2763
469
3892
7058
4007
6605
4458
977
2087
594
1876
6938
4075
237
174
5301
2023
2020
6569
4270
2025
3095
4187
6362
3175
3318
3993
3601
3733
5065
5414
6598
6595
5795
7082
4396
3297
3949
2109
7446
1560
2512
800
1961
5603
3845
6376
7754
7362
3435
4247
2511
7153
7708
7054
1803
5470
7479
6242
4340
7785
5841
7551
3712
7278
6560
5078
515
5126
7683
2221
7575
729
4230
1005
7355
7169
1651
698
145
4014
7280
1984
1123
4028
2361
6053
5414
5036
5803
2237
6458
7810
6759
758
521
7366
2620
6953
4013
8178
3284
5977
7234
7067
1318
5009
3431
998
2477
7930
1173
1653
4043
5614
8051
7731
4990
7284
2717
6523
4846
6349
5180
5289
7332
2549
4781
532
5892
7341
82
4709
5044
3180
834
4516
6696
3348
5817
6127
1392
6767
2275
181
7199
1263
3297
7616
7838
5754
5168
2260
6186
4382
262
2461
2905
1212
1666
5105
2044
6195
2323
6181
2312
4267
6952
629
6575
7898
4798
1105
2460
7464
1623
1891
4328
645
632
7978
3553
711
5691
6460
2732
6856
7737
1153
6506
609
3985
5355
1316
882
459
1460
5572
4596
4229
7637
5021
2019
5131
7790
8038
4690
1351
1986
4204
6912
7030
1885
7898
1396
1416
3792
7601
3337
2265
476
153
1215
5558
3399
169
3359
4960
2843
33
7513
5681
4546
7239
4430
7342
3983
678
7918
7957
5629
27
373
1540
3905
1635
8070
4981
315
4933
6083
6887
2303
8118
3732
5623
5816
6879
4275
5315
6097
949
2927
4874
1924
8012
2895
3561
6048
2215
880
4104
277
5447
3216
5289
8030
5975
5652
5098
164
3267
1508
2794
4018
6631
6081
6605
5234
1029
4455
4960
7912
7944
5061
3660
2197
71
4027
2457
4144
6150
3794
42
5434
8171
2800
8120
386
954
580
4249
1565
6729
5151
7470
1404
586
4827
4918
929
657
6715
4937
4304
3389
6017
2175
5945
6134
5941
6298
2010
503
346
106
7946
5796
296
1844
6743
5170
816
1796
1484
4292
1096
7381
4797
2786
227
2026
2954
994
5979
7978
3206
6794
3097
4290
1906
1023
4759
7399
315
3015
4226
6796
166
6463
3085
4294
3162
7020
1004
7119
3103
6269
5954
1267
6816
6524
7072
4905
756
5830
1602
1505
3535
6129
721
884
3630
7688
7939
5866
7066
2245
5214
4913
6177
5479
7785
7690
3540
6098
6005
6054
499
1989
4296
3945
6469
4801
241
6806
2680
8180
2628
224
2264
1515
2503
2037
1940
5189
1385
7106
5457
5864
6226
808
1833
1417
4148
2284
7231
5443
5841
942
6911
4245
1302
7250
604
8007
2661
922
4336
6177
5767
5597
1922
5640
5494
7835
6244
5755
3694
672
2504
7245
487
7025
1071
2017
1956
3210
5620
2766
6807
5161
7073
1712
2346
2327
5321
7566
3611
3037
2126
6444
5956
2699
3293
7917
911
5427
3617
6072
1089
3236
5410
6400
5090
5015
3570
2387
382
4798
665
3378
7036
6459
3224
4724
2731
2687
2945
3404
1735
5734
5389
4159
5676
5387
728
5515
2862
3449
1830
4320
7856
2865
1417
733
4938
5523
579
2998
3015
1746
7477
7794
7177
4428
1617
1434
368
7952
5822
4690
6255
1859
6360
2155
4791
678
7129
673
4517
6787
894
3625
1057
4530
4405
2223
2165
8036
1550
2012
6671
6999
1737
5627
2185
1222
6230
3657
876
1833
7324
1535
6633
4201
5122
3680
498
3111
1930
5898
7990
4839
7836
147
6264
8088
3338
1580
4812
6220
6480
1139
3700
7915
7189
4379
6371
4973
7192
2407
4005
6636
2784
1402
4728
4129
7131
2391
2024
625
2583
6535
5807
762
7285
6432
4715
4338
4456
1857
5601
682
3719
1357
1436
3774
3126
3288
1208
6951
73
7789
7609
376
417
2528
3327
2571
1988
1498
647
5541
2780
1102
7041
3322
454
7770
3449
2167
1686
2472
1739
7056
3677
3647
408
1274
3881
3887
7367
1858
7935
6465
5860
2705
120
4917
7704
5386
7388
1233
1727
4242
5176
1199
3370
4119
4602
1685
2710
5429
4158
6303
2526
5474
2270
2552
6477
7720
7806
4706
6594
2746
7457
3284
6671
392
4379
3624
466
2703
4609
7713
1416
377
4422
3000
7054
7444
6107
6047
6080
4717
1580
621
3483
3738
6025
6950
4477
2210
3126
2150
4734
3786
4716
3948
1138
3803
1289
5830
6543
1526
6844
676
3069
149
6942
1214
1896
3273
556
187
3556
3553
6217
5102
3085
3808
6876
748
4155
4139
361
2875
6446
1907
4889
2731
3110
1468
3856
1392
211
4538
2169
7156
7830
706
1158
8022
1754
4645
2127
3784
6151
7941
2744
1817
2624
1570
735
8048
6519
4137
3334
8015
3902
5699
65
6877
2999
408
369
1240
4898
995
3921
314
6983
6135
6848
1866
1525
5982
2266
4031
7902
1803
6996
2601
2349
85
2861
3003
373
4841
4928
7823
7808
5443
5476
603
3447
3767
176
2365
6977
7658
1667
6857
7060
623
1007
6123
8134
5730
6422
1289
7828
6495
6502
2145
3960
3272
1154
5219
8055
4583
288
6360
861
1008
8185
2976
5557
7892
1279
3424
913
4423
230
7111
2536
6830
3365
2137
4187
3948
1092
6992
5322
1163
6271
4294
7049
2751
2231
2150
3370
2283
5363
8013
4939
3348
606
3451
3192
1352
6753
3345
3104
5500
5181
1314
7076
5816
2750
1049
72
4058
6536
3947
7982
2716
2128
728
1335
3175
4228
5977
3923
4599
660
1732
2493
2889
6593
2896
7685
6280
5981
2436
612
5682
6618
7025
4116
6459
6058
4167
6705
5676
5118
1630
50
5065
887
480
6730
141
3922
7067
1222
4851
4502
4616
7434
5516
3631
1622
7045
2435
8056
5189
3093
4353
7100
318
7955
2924
2575
1076
4181
1516
4457
5803
1107
7377
2584
1825
1524
6145
5952
3975
2030
3151
7401
4280
5872
3139
3286
6273
5015
7157
20
6594
2585
3758
6411
6190
6998
4804
1666
4949
3237
646
258
2605
1215
6929
1628
2247
4925
3913
2638
2198
1419
2240
3014
5855
432
6524
2191
1464
1094
185
4052
452
6284
6332
7331
3340
2259
4006
5555
214
680
1200
3117
7749
3311
7334
3081
5764
2371
886
5480
8037
7403
2029
4865
1079
3274
2005
684
2881
3379
3493
3984
5035
1695
7865
7145
979
281
3037
1044
6722
6909
4306
1537
1934
2748
7687
333
8054
4717
4074
6196
297
6689
4569
1002
7545
2553
4004
1608
3051
7552
1923
5974
2648
7592
1256
558
952
4463
5932
3448
7365
5080
2983
5558
3439
6870
5401
1881
6201
2073
8154
3998
2829
7931
6095
4149
5559
641
1953
2964
2427
6731
1488
879
5088
7027
4689
347
4278
4942
1918
3586
7612
848
2730
1005
6950
7190
2071
7048
2794
4651
817
93
6593
4464
407
987
6853
4105
6313
3010
3738
2481
1155
5791
1230
946
2668
1253
4791
2295
7147
1438
4867
2469
3215
3777
5793
2894
2136
3123
3795
6484
5157
7056
2291
7209
447
7915
384
3226
7340
3588
876
5314
1385
7708
8181
551
3704
7381
4268
1081
5102
6552
1901
5714
6164
4338
526
7649
1265
23
5469
5336
4825
5659
7549
2483
6046
5414
4438
665
1496
564
7529
377
2929
5577
2423
3531
273
4589
1853
7465
627
4174
3213
4081
3003
5635
1655
7811
5660
5489
2877
3287
6711
3873
50
4115
5064
5808
6408
7638
7347
2995
7190
2527
983
6545
1232
6906
557
6389
1748
4893
7681
6311
1190
876
258
4368
450
2913
5614
4769
1429
5009
771
98
1784
4196
5787
4787
452
1918
3895
303
7463
5676
5248
3705
5324
8110
4153
3178
4498
388
709
4998
4766
6332
6412
6263
2704
1928
2529
674
1056
7156
6045
7150
3678
4109
3213
6829
3160
17
7492
6353
7366
1456
4386
4395
713
4157
1351
7128
5707
5284
5176
2108
2935
7708
4719
4774
5125
234
6234
3295
270
670
7569
3879
6539
6032
3119
523
2967
3810
1972
1886
7749
1846
5776
5861
392
91
4391
32
3414
5462
7745
2103
4396
4359
971
4961
7032
7180
4057
3209
1103
3219
3847
1012
3385
3710
49
652
7186
6438
33
6036
4292
7721
6535
2025
4061
6728
2426
3058
3167
6973
2136
4926
6948
3304
3630
7770
754
1249
8008
6887
5195
2982
2868
5957
2770
7859
7877
6845
4961
7918
966
2488
5636
6507
560
2893
8061
1981
349
8137
7022
1259
1975
2419
5820
6014
4093
4011
1860
3102
2197
985
6679
3974
6729
913
390
4108
3641
831
6459
5554
6528
6545
6867
5961
2710
1462
4644
1908
3983
3530
2815
6177
1695
1238
7304
6738
1473
3906
4935
1998
7018
2794
231
5232
7363
8072
305
4064
4371
5113
3225
1862
3081
1770
856
5210
1640
1164
4744
2614
6903
1768
7890
3656
7224
2306
3438
4465
1583
6178
5228
4047
2275
3034
2468
5588
6419
238
3964
5994
5813
2836
2080
2461
5086
1802
5334
1926
2170
1283
7331
6744
3308
7791
6668
4066
6645
7790
7710
7741
2575
613
1320
5679
5824
1414
7783
258
7716
7027
5485
5278
2333
5618
4233
5628
3098
3732
7926
5481
121
3715
6098
3748
6072
2389
5440
5819
4888
4238
3488
7657
6251
6466
5817
4401
6816
8179
1761
5724
2652
2931
2838
667
1705
5066
4379
2692
5849
6231
603
6572
7825
4978
2260
4717
5220
7081
4920
2620
4624
802
5896
7106
1440
1791
3810
836
6797
1814
4074
1866
3709
586
1049
5434
4027
6305
4166
2943
2396
3559
7349
6851
3671
854
5447
5252
6912
2761
1730
6945
5889
1272
7145
1892
7819
2546
1423
7364
4563
6066
4908
5805
4150
2295
2738
6300
6598
4493
5519
5831
3280
3807
7889
99
2389
6079
4596
1888
1144
3085
7497
5381
5119
5010
7781
6309
7035
2033
848
5864
122
1471
32
3193
7996
7481
5121
3390
5829
574
2956
3463
5826
6389
5983
2863
1845
6169
8108
7212
4498
544
2046
4006
5835
6227
4308
3925
274
5604
7144
818
1402
163
5921
241
1334
5368
3785
5432
2563
2869
4103
7609
7282
2703
7253
7248
7931
5995
3369
1900
7808
4549
2953
2433
6886
2952
430
2442
7793
3754
5632
2384
448
3420
7368
7642
6038
5190
4438
7739
7309
228
5818
2501
6011
5187
5687
1953
3662
4796
5231
1830
7329
4633
533
7262
7691
1652
451
7112
3878
4250
3586
964
5769
4369
2350
5435
4262
4394
3378
6857
3758
3360
5738
264
3960
4733
5800
7754
3772
2043
5367
6546
1954
6907
6659
6563
7429
3079
6092
6632
6912
6228
5943
6860
235
5813
2041
4959
141
6293
7294
5868
5629
4816
3194
2654
7460
3195
1692
1905
2224
4840
3662
5457
7148
5598
2495
7141
7406
940
7503
4179
7928
4374
2727
1537
2136
4324
2776
6517
3549
2919
6655
8101
2016
6638
3208
7764
7449
7764
2599
3168
2661
3968
8157
5330
1780
6971
6777
4024
3442
2383
7177
3880
930
4220
4535
2621
7764
4355
5578
6421
780
6304
6944
7776
7627
6657
6767
6769
4267
1501
5193
6320
2177
1140
3349
8070
444
6161
3892
2035
7975
5687
7494
4345
524
1556
151
4213
5894
4113
2236
1938
517
7954
4208
6378
8181
3115
6213
5207
5953
6473
7156
4550
7950
8064
5356
3060
5112
3546
6012
6412
4029
3348
6718
6872
1507
2516
6479
7245
2569
4625
3440
6127
1956
2699
6308
6614
1634
7307
6482
7025
7859
3262
2473
8157
4635
6892
5111
7424
3158
1985
3269
2072
1001
7729
2423
5269
7968
1613
6579
3019
898
7255
4960
5323
6197
4721
1437
2343
1751
355
4974
5902
1139
7321
5445
763
6875
3167
4344
5966
1423
2383
1918
6436
4327
7992
7575
5311
3580
6223
7781
423
1920
195
7146
6840
7740
6932
4262
5255
4067
85
3934
6244
490
7555
6223
5038
4645
7774
337
7592
4207
2757
6083
4045
3812
255
7457
2945
4867
3731
6324
6535
4633
890
4956
1139
5089
712
121
5838
6150
2640
4275
7444
6574
739
1278
3735
4477
566
7224
2045
163
6701
5598
770
4485
7811
5145
2242
3862
6475
3035
3498
5092
3002
7726
2738
894
6180
6272
2514
1359
4665
2747
4652
1311
6215
196
1827
6365
5312
5150
7017
2320
8114
3743
6466
1079
5991
3425
980
3336
7731
3275
8157
5403
4943
3655
7891
7619
5616
4944
4903
5904
3286
2434
6439
3571
7318
860
5989
4443
249
4897
4532
6671
1076
5432
2751
2225
6845
4377
3008
5911
3421
1909
3130
4190
4580
7156
6181
2729
7620
414
6084
221
8123
1730
3915
6262
6107
1673
6814
2514
4775
5780
6230
7579
5594
5870
7573
4952
6827
6169
4153
4311
3606
743
501
5830
3592
798
6487
989
7425
5079
4227
3490
629
799
727
916
968
2187
5525
1766
1768
4390
5224
6120
1052
2171
7439
6672
502
2179
673
3075
4251
2418
6707
5953
1884
7001
613
6708
5591
2172
773
7235
6952
4078
1281
5130
4362
936
3248
835
5094
3592
2780
2445
4238
3647
6236
4955
5765
6044
4229
666
6411
171
6332
5050
3400
7988
4389
1087
7918
1391
3771
1639
1500
4395
7541
3627
6691
5015
7740
3296
7085
4823
5854
6251
2170
4707
7767
2741
4702
7648
2659
2903
5015
7990
2662
7546
4017
