512
11
56
50
67
63
69
0
33
88
51
68
85
59
36
1
15
54
44
67
88
24
51
21
90
60
57
30
8
61
90
28
79
55
34
42
71
4
9
61
96
19
33
49
73
43
16
4
84
54
67
74
38
11
8
6
56
59
68
93
78
47
1
41
66
58
79
87
0
24
31
32
35
25
19
77
40
10
7
94
58
62
80
80
88
99
11
11
60
8
8
31
83
15
2
64
25
6
23
22
18
37
76
62
55
81
19
87
42
18
73
55
59
0
86
0
12
7
10
72
52
43
17
50
23
94
79
85
16
65
25
91
4
61
42
2
37
15
12
92
31
90
33
90
61
81
54
7
6
99
45
35
53
21
3
81
8
49
97
6
21
41
87
18
76
56
38
59
10
49
44
38
73
80
19
82
16
98
32
28
13
90
58
15
55
18
88
64
42
77
3
10
38
38
44
53
71
7
3
72
35
33
75
96
14
77
50
84
21
31
10
91
44
64
85
36
1
25
71
90
4
3
49
82
100
24
11
94
43
98
75
37
62
13
21
86
35
73
97
18
55
48
85
30
34
6
25
13
49
81
9
77
17
53
36
78
92
65
50
53
59
52
31
43
15
94
68
58
35
27
85
40
95
64
82
16
11
27
33
24
85
20
74
14
17
15
93
44
59
94
46
47
49
60
100
71
44
45
10
90
92
6
48
45
92
71
23
85
43
45
23
0
87
73
58
25
39
61
68
1
31
70
79
69
50
7
37
47
5
80
6
61
46
33
77
59
31
13
77
50
98
23
29
20
48
26
74
78
89
44
39
48
80
42
77
63
13
6
44
16
29
10
7
56
56
82
29
26
48
30
47
22
70
51
5
80
100
33
45
33
5
64
71
83
41
67
49
24
58
26
65
82
97
94
17
2
33
62
97
81
64
94
75
95
70
80
59
40
27
1
50
25
66
71
99
5
19
52
93
4
65
65
91
35
70
95
69
5
91
50
16
52
96
13
95
62
78
64
67
100
93
66
100
6
70
92
31
6
79
29
5
21
51
35
54
11
52
56
9
22
93
80
78
67
38
1
91
56
28
17
81
80
3
4
81
70
9
32
100
33
59
31
9
46
35
43
60
71
41
18
45
69
69
12
54
23
24
23
33
40
19
66
47
72
70
81
52
97
35
59
100
86
15
