1024
77
67
94
45
59
52
3
51
72
37
39
21
63
50
75
29
1
55
51
99
17
82
42
42
6
62
82
79
90
54
53
50
3
4
14
68
3
5
77
86
48
96
77
57
78
51
97
35
7
7
97
48
7
53
6
77
23
76
43
59
69
22
13
47
86
37
60
3
24
68
40
68
82
72
57
26
69
61
14
31
41
86
58
71
55
9
94
66
39
56
72
38
4
64
59
48
9
77
70
54
46
83
63
14
28
20
35
55
72
52
72
42
93
74
51
92
57
73
77
70
42
9
24
24
35
98
85
1
80
53
80
63
10
62
89
10
50
23
95
38
85
7
76
83
16
100
15
92
97
75
16
41
71
33
24
46
88
10
4
31
19
88
47
19
30
0
22
61
63
43
61
60
88
62
25
17
47
93
10
12
83
76
56
85
94
59
1
60
19
68
48
79
65
7
62
31
41
87
54
33
19
9
57
63
26
3
10
14
78
95
17
97
9
21
94
75
77
2
61
87
15
83
82
58
46
44
54
4
84
24
81
22
68
78
59
51
35
0
96
67
72
27
9
4
53
77
23
54
58
57
91
26
8
26
35
28
20
18
50
89
40
82
28
96
11
36
36
7
36
21
88
97
40
82
53
41
58
17
26
36
73
20
88
65
14
10
12
25
0
91
92
94
38
1
65
25
14
5
5
83
50
49
53
71
74
84
92
63
23
70
59
74
71
4
97
68
17
91
84
47
12
5
30
65
77
77
49
57
71
27
66
77
16
38
70
28
6
58
6
13
13
40
94
12
99
52
23
15
99
50
79
28
61
45
38
92
60
17
1
84
35
7
2
6
50
27
87
23
80
55
45
55
47
90
13
54
21
24
23
69
11
2
9
78
31
91
60
4
88
41
50
96
61
75
42
79
32
39
63
11
95
74
73
30
51
88
16
62
99
68
88
63
13
94
38
92
62
39
31
59
22
54
5
69
26
8
69
12
20
11
65
82
26
60
21
21
87
67
55
38
76
76
33
12
71
41
4
48
42
95
76
91
62
81
42
96
65
67
97
84
5
35
8
4
21
56
91
40
80
30
0
47
8
30
87
56
3
47
66
12
22
92
75
96
48
48
50
14
65
30
85
25
66
31
58
77
73
32
77
100
41
55
50
59
70
55
55
6
68
28
73
50
87
20
17
31
71
10
32
13
37
28
6
78
73
98
55
82
47
99
90
60
62
0
57
33
44
64
31
15
34
67
48
97
12
37
86
70
28
97
50
7
54
20
56
81
21
49
40
97
86
84
0
100
27
69
52
10
28
94
1
63
15
19
2
49
29
24
32
37
78
0
84
89
100
16
20
13
48
68
18
65
32
1
17
93
81
59
16
16
3
72
37
48
57
24
63
9
6
80
69
6
83
35
52
96
10
62
11
44
18
47
59
76
40
30
3
31
88
2
65
6
64
82
22
45
82
41
40
5
30
41
62
3
55
73
2
88
100
84
22
70
1
99
21
7
74
9
79
10
19
69
77
7
83
29
73
61
79
100
51
33
83
30
70
34
50
87
2
96
31
22
35
9
52
75
96
1
53
31
28
8
34
59
83
97
81
21
51
58
97
98
31
54
25
62
69
46
32
77
39
34
86
26
24
14
16
98
30
76
46
26
100
100
58
70
94
33
42
53
27
80
58
89
16
11
67
40
1
42
38
11
61
18
51
55
22
7
48
77
26
85
19
36
74
55
62
10
80
29
31
92
26
16
97
98
50
8
78
93
50
62
89
35
33
63
63
15
50
73
59
42
72
95
40
4
34
10
99
83
57
17
95
58
26
50
94
84
10
54
35
13
13
84
96
76
2
65
39
60
16
9
58
92
64
91
34
89
43
42
80
76
4
89
33
30
35
97
84
38
81
62
30
66
74
13
94
52
15
93
70
56
62
39
34
53
15
91
35
9
40
71
89
7
64
0
2
55
55
80
12
20
43
77
10
19
49
43
76
18
60
96
37
48
64
54
57
56
8
0
75
92
69
60
81
16
85
28
87
75
58
17
85
31
80
77
78
62
85
36
46
5
92
68
97
47
28
28
49
31
98
49
65
15
97
2
13
42
30
23
10
72
15
65
57
6
26
4
56
58
31
46
28
36
85
13
85
19
44
82
33
100
81
37
7
96
71
71
10
14
42
23
28
37
31
7
79
19
38
28
47
2
22
67
86
35
90
92
51
27
76
89
94
3
46
12
86
19
86
57
93
86
50
80
50
46
37
69
35
67
74
59
28
89
25
44
32
39
9
20
17
11
50
47
47
96
68
33
21
65
1
2
67
6
30
81
46
96
72
51
54
87
14
50
