256
70
4
94
51
54
33
5
10
33
46
32
21
15
60
28
68
17
57
49
14
35
95
63
96
25
66
61
84
85
79
3
45
33
57
94
87
12
80
3
26
49
62
61
13
13
64
50
78
9
16
87
72
60
16
40
31
12
39
80
12
64
87
19
65
49
3
57
15
55
78
91
23
67
26
95
64
13
23
42
50
22
28
94
54
53
57
53
80
7
88
59
46
74
71
80
49
5
11
51
55
38
49
70
17
82
94
47
40
82
67
62
6
56
98
42
6
79
59
36
83
44
50
14
9
100
33
85
84
78
56
55
53
42
37
38
52
44
11
46
90
14
79
86
84
81
72
51
89
23
54
65
85
83
39
51
69
77
41
48
16
33
76
71
33
100
12
33
31
8
3
38
86
78
56
37
57
27
12
71
13
60
36
25
11
93
9
93
33
71
20
34
65
7
11
45
70
13
85
87
5
85
70
25
88
53
13
74
21
11
24
33
56
51
74
78
75
71
66
2
82
63
93
23
33
29
53
45
47
44
49
89
99
73
94
71
36
92
51
54
14
13
51
95
80
59
72
84
23
2
21
29
34
18
75
20
5
